1000
0.284734
0.531584
0.838613
0.958170
0.285309
0.419030
0.205252
0.956828
0.987807
0.218184
0.420396
0.018792
0.319923
0.080513
0.604665
0.612260
0.322885
0.922003
0.891230
0.517849
0.254907
0.947582
0.278161
0.581004
0.045597
0.468670
0.462227
0.763458
0.218439
0.889384
0.831283
0.503173
0.420969
0.669896
0.461343
0.706277
0.088926
0.666596
0.663105
0.076734
0.884779
0.083501
0.095526
0.204702
0.164014
0.700191
0.816962
0.486899
0.622194
0.708192
0.004749
0.877101
0.655774
0.282909
0.458104
0.701370
0.751580
0.920332
0.464829
0.970019
0.809716
0.296112
0.473192
0.230685
0.966008
0.934535
0.936962
0.054934
0.601131
0.600067
0.131668
0.485910
0.683568
0.227194
0.690613
0.847582
0.927384
0.507575
0.334482
0.549578
0.215767
0.339231
0.426679
0.871540
0.622140
0.884783
0.572911
0.373720
0.805115
0.037739
0.343739
0.614830
0.333851
0.816931
0.845515
0.299859
0.751466
0.782477
0.354793
0.352597
0.382543
0.486461
0.838508
0.066111
0.713654
0.529120
0.913694
0.641038
0.036695
0.248176
0.190616
0.252461
0.587406
0.617295
0.124002
0.209546
0.502078
0.696912
0.583266
0.307192
0.734651
0.927005
0.922023
0.068502
0.743936
0.767538
0.368361
0.495402
0.550014
0.723154
0.848000
0.932557
0.209615
0.686507
0.998669
0.923269
0.215628
0.912362
0.564307
0.252322
0.160538
0.754924
0.504784
0.747944
0.372219
0.628785
0.957491
0.874296
0.325698
0.540757
0.181489
0.060349
0.467762
0.103511
0.128851
0.211698
0.871049
0.497212
0.707100
0.421063
0.220367
0.555100
0.353621
0.429981
0.241607
0.352290
0.353251
0.457235
0.264652
0.917558
0.709557
0.425190
0.672482
0.214341
0.173134
0.044700
0.843126
0.130625
0.918997
0.168824
0.671382
0.100486
0.229173
0.139144
0.203997
0.358024
0.350842
0.075046
0.855237
0.057942
0.496110
0.075603
0.613041
0.849731
0.505585
0.854649
0.202020
0.858835
0.311883
0.466672
0.776393
0.021440
0.891862
0.448875
0.235781
0.064997
0.493575
0.078908
0.195622
0.412572
0.247732
0.867004
0.513058
0.476905
0.006148
0.717055
0.834929
0.356990
0.792101
0.690165
0.414932
0.288211
0.765768
0.027973
0.137941
0.271353
0.882622
0.339962
0.130188
0.194505
0.806634
0.906581
0.215946
0.698496
0.355456
0.451727
0.763493
0.849031
0.530635
0.959115
0.261603
0.778366
0.826119
0.774661
0.255271
0.832268
0.491716
0.090200
0.189258
0.283817
0.780365
0.604190
0.572028
0.546133
0.632163
0.709970
0.817486
0.514785
0.049931
0.947674
0.709290
0.856565
0.854255
0.925236
0.555061
0.209711
0.376963
0.318555
0.058742
0.907597
0.277670
0.320345
0.685964
0.103789
0.095006
0.941235
0.936057
0.586723
0.031434
0.125315
0.870540
0.811799
0.729505
0.442568
0.357932
0.361668
0.152538
0.175418
0.876453
0.202469
0.123091
0.585743
0.059034
0.977346
0.510979
0.614096
0.187057
0.887942
0.932650
0.245798
0.795539
0.210320
0.566143
0.481503
0.314109
0.661150
0.422738
0.250166
0.247872
0.454172
0.375481
0.118412
0.265971
0.104986
0.560980
0.623903
0.466653
0.713518
0.799321
0.343106
0.915987
0.922412
0.928849
0.975021
0.899758
0.439828
0.589117
0.086815
0.327770
0.521767
0.332613
0.123309
0.732087
0.898756
0.604811
0.046196
0.559906
0.027549
0.296362
0.807778
0.481721
0.671843
0.926191
0.747692
0.776829
0.487171
0.371595
0.243482
0.200689
0.170915
0.586588
0.116676
0.093327
0.515438
0.091697
0.993085
0.955266
0.680814
0.079900
0.283035
0.202581
0.412513
0.406344
0.934667
0.311269
0.011155
0.980863
0.871175
0.038704
0.277225
0.678953
0.520425
0.949068
0.605144
0.268117
0.725897
0.092314
0.639711
0.969379
0.293003
0.810626
0.555967
0.409679
0.903953
0.071405
0.501376
0.897039
0.026671
0.182190
0.976938
0.309706
0.384770
0.389451
0.716050
0.319438
0.700720
0.727205
0.300301
0.571894
0.765909
0.577526
0.250848
0.286334
0.526594
0.855991
0.554451
0.252491
0.948306
0.194162
0.221870
0.241309
0.004788
0.777838
0.650988
0.908741
0.849242
0.152364
0.805780
0.875913
0.334554
0.782718
0.185619
0.719324
0.172169
0.901669
0.038762
0.872889
0.628874
0.339063
0.444783
0.394784
0.916589
0.695631
0.681118
0.443183
0.551622
0.235569
0.695674
0.499928
0.429731
0.917545
0.741237
0.434519
0.695382
0.392225
0.343261
0.544624
0.544589
0.149041
0.420537
0.879143
0.931759
0.606156
0.598467
0.103928
0.507825
0.637229
0.976817
0.136699
0.976292
0.421600
0.531483
0.892880
0.117231
0.212601
0.336063
0.668853
0.448170
0.031738
0.168780
0.877901
0.949282
0.910017
0.312420
0.644664
0.302242
0.655681
0.189289
0.846830
0.804721
0.609826
0.725973
0.736480
0.215982
0.324440
0.840409
0.723808
0.961669
0.817226
0.860507
0.937961
0.238826
0.391990
0.830841
0.356057
0.604591
0.166904
0.024910
0.052761
0.198642
0.193690
0.930662
0.147924
0.103707
0.243082
0.792588
0.405948
0.898763
0.981877
0.252779
0.703484
0.591703
0.978752
0.439965
0.807685
0.303192
0.280373
0.531493
0.264861
0.097599
0.392000
0.202821
0.336425
0.783990
0.033662
0.692481
0.388581
0.200566
0.717391
0.441343
0.399208
0.911081
0.372005
0.547132
0.014788
0.615087
0.339719
0.420736
0.513851
0.321596
0.673515
0.217335
0.913299
0.652267
0.657300
0.720984
0.955459
0.937673
0.252477
0.220320
0.035272
0.644477
0.423141
0.371697
0.428467
0.456803
0.064178
0.817048
0.657369
0.781569
0.258390
0.056577
0.692650
0.630395
0.603708
0.707438
0.245483
0.943428
0.128174
0.759333
0.265024
0.801690
0.976668
0.178323
0.453957
0.633968
0.899307
0.409415
0.571641
0.151783
0.629735
0.606913
0.796260
0.052876
0.978610
0.224727
0.509679
0.042788
0.041775
0.167048
0.824357
0.300165
0.223624
0.517007
0.930560
0.827333
0.224444
0.176043
0.770760
0.352619
0.935377
0.035784
0.154308
0.912045
0.214107
0.608265
0.546013
0.113414
0.017680
0.117654
0.265197
0.647415
0.724568
0.061457
0.700291
0.703177
0.286184
0.209969
0.745965
0.327958
0.377017
0.570322
0.628123
0.600641
0.087328
0.558684
0.427974
0.311772
0.734727
0.198734
0.664391
0.670104
0.234519
0.818699
0.582149
0.448626
0.426964
0.128162
0.562039
0.444644
0.245816
0.827236
0.092059
0.970384
0.888693
0.792350
0.673561
0.174877
0.002319
0.419526
0.502836
0.379336
0.989848
0.130959
0.979977
0.077176
0.689643
0.407951
0.388948
0.424370
0.606685
0.053339
0.094474
0.841204
0.872039
0.676623
0.289829
0.299003
0.804785
0.851869
0.743647
0.050601
0.679105
0.835706
0.020985
0.567799
0.628056
0.694547
0.742676
0.630375
0.114073
0.245511
0.009710
0.103921
0.376471
0.989687
0.181097
0.066114
0.397637
0.570045
0.490484
0.004322
0.623385
0.584957
0.845526
0.495424
0.261580
0.135355
0.794426
0.066364
0.987224
0.538074
0.116965
0.666329
0.373780
0.137951
0.234127
0.001836
0.832497
0.976803
0.632210
0.946570
0.222315
0.641920
0.050491
0.598785
0.631607
0.231588
0.664899
0.029245
0.801633
0.155382
0.033567
0.425018
0.740340
0.879093
0.920441
0.001920
0.014448
0.714868
0.068284
0.001672
0.252941
0.185250
0.668001
0.626721
0.323200
0.902128
0.628556
0.155697
0.878931
0.260767
0.102267
0.101246
0.902687
0.152758
0.700031
0.534294
0.384346
0.364930
0.563539
0.185979
0.520313
0.597106
0.610997
0.260653
0.476199
0.531438
0.262572
0.490647
0.246305
0.330856
0.492319
0.499247
0.516106
0.160319
0.125968
0.839306
0.062448
0.754524
0.995004
0.941379
0.015291
0.097271
0.042625
0.917978
0.250029
0.742657
0.452272
0.634376
0.107587
0.015811
0.820355
0.627899
0.612916
0.431352
0.888552
0.089115
0.962789
0.151124
0.579762
0.209095
0.481981
0.072081
0.708342
0.998087
0.232400
0.834309
0.837393
0.294848
0.588833
0.832396
0.236227
0.604124
0.929667
0.278852
0.522101
0.179697
0.021508
0.974373
0.814073
0.129095
0.990184
0.634427
0.756995
0.603100
0.065779
0.645546
0.692215
0.028568
0.796671
0.271977
0.237663
0.278651
0.344058
0.946005
0.276738
0.576458
0.780314
0.114131
0.871305
0.369147
0.946527
0.107532
0.973271
0.876195
0.386384
0.495373
0.055891
0.407892
0.469746
0.869964
0.536988
0.459929
0.504391
0.293982
0.063029
0.570170
0.939529
0.755244
0.598739
0.736199
0.027221
0.836402
0.014851
0.371279
0.782407
0.291588
0.947736
0.562721
0.405719
0.819042
0.931869
0.352246
0.926574
0.905140
0.228441
0.312958
0.400513
0.284332
0.720850
0.870258
0.154296
0.257838
0.330188
0.658688
0.551820
0.393217
0.228858
0.491349
0.148461
0.827596
0.227548
0.175683
0.663999
0.242399
0.546962
0.446406
0.533987
0.494698
0.009127
0.939706
0.313740
0.940996
0.291952
0.240314
0.846136
0.520393
0.553272
0.246649
0.804726
0.274122
0.116907
0.959022
0.531960
0.447095
0.617709
0.083780
0.840311
0.846567
0.575129
0.988773
0.674164
0.802677
0.164456
0.338162
0.045076
0.711417
0.784568
0.579063
0.206115
0.793695
0.518769
0.519855
0.734691
0.810722
0.760169
0.580827
0.331115
0.313441
0.827475
0.135840
0.587563
0.944382
0.094862
0.119523
0.391477
0.712572
0.203303
0.231788
0.559139
0.778432
0.220561
0.233303
0.581110
0.385017
0.571465
0.626186
0.096434
0.356033
0.205249
0.302550
0.149728
0.724018
0.822405
0.884419
0.534740
0.582574
0.465246
0.865854
0.896015
0.292721
0.001695
0.483578
0.237103
0.096557
0.603101
0.628580
0.809129
0.806404
0.860368
0.368268
0.584836
0.080929
0.601571
0.165946
0.465946
0.173036
0.792131
0.562380
0.529069
0.997380
0.864930
0.678797
0.721398
0.687335
0.563216
0.256138
0.269909
0.028461
0.121992
0.165924
0.321182
0.123687
0.649501
0.558286
0.220244
0.252602
0.186865
0.029374
